2000	0.6834206154	81055460629966800	180625615.140667	175381149.96165	3101364965942840000	57662862006053800000000	2709033838326310000000	3547773718385810000000000	5244462.31138487
2050	3.7680353036	170205444977175000	594500590.032629	577411112.197842	5786365041970990000	76357464642525800000000	3449053092702520000000	3440332739559820000000000	17089488.1270688
2100	19.1403982888	344650051343794000	1846303202.95348	1793599333.68095	10462413566657800000	99498741724033700000000	4330945156214080000000	3332491737863990000000000	52703745.3309321
2150	90.0873140755	674629277201407000	5431777585.18262	5277353953.71154	18370211052315300000	127697495031573000000000	5367008762467530000000	3223334088263500000000000	154423538.951987
2200	394.9053170457	1279379464973030000	15192032986.5477	14760641500.0906	31379348619501800000	161540390050037000000000	6567064686456700000000	3111995256290080000000000	431390956.116398
2250	1619.857859412	2355346730378460000	40525256634.0478	39372578809.2243	52231302023098400000	201558916260699000000000	7937433557960010000000	2997692500600910000000000	1152676012.32395
2300	6244.145723837	4217198169722700000	103405314726.931	100450719449.581	84842173499843600000	248194149671018000000000	9479859662546420000000	2879757643108070000000000	2954588293.87671
2350	22707.9609870968	7355746973939400000	253059605841.412	245774922905.629	134666339042101000000	301758575543542000000000	11190446837100600000000	2757673929120390000000000	7284656553.53859
2400	78188.872280254	12517521924533800000	595413041724.482	578094178917.805	209116329819629000000	362396936547904000000000	13058698772409100000000	2631113455772370000000000	17318781322.7622
2450	255739.120211186	20811173586782700000	1349865891777.61	1310072361212.64	318026861258155000000	430049087947047000000000	15066776399935400000000	2499972840623540000000000	39793278477.9336
2500	796971.575363973	33846079671752300000	2954743538990.72	2866191234073.7	474142229459539000000	504418093218769000000000	17189098498846400000000	2364403954952280000000000	88551638687.9112
2550	2372936.03584637	53908337820407500000	6256255462345.16	6065039928409.53	693597511645588000000	584947394327998000000000	19392408397384100000000	2224833387944190000000000	191213136702.01
2600	6767646.96811943	84178713857099400000	12835731595006.2	12434351174469.1	996356639276599000000	670811279812171000000000	21636410453708400000000	2081970945536480000000000	401373176719.806
2650	18532111.8148162	128996040924841000000	25558164767054.3	24737785371168.6	1406565633207100000000	760921975227890000000000	23875057118673900000000	1936798654874840000000000	820360248411.234
2700	48831420.5803469	194168182439215000000	49463639387177.5	47828476323292.8	1952780655900480000000	853956074820614000000000	26058466600148800000000	1790541358463460000000000	1635114712585.52
2750	124063885.220458	287330987186704000000	93173931514090.9	89991147043314.9	2668036944668720000000	948401006944586000000000	28135402210121900000000	1644616470504180000000000	3182660972365.78
2800	304499681.010267	418354249664066000000	171051073860378	164993249036845	3589740472535140000000	1042619922388130000000000	30056123903573600000000	1500565036788710000000000	6057526274963.77
2850	723258406.753191	599792159703917000000	306424428665414	295136571199780	4759380930246920000000	1134930877873170000000000	31775358116524500000000	1359968854464070000000000	11287130433100.9
2900	1665276040.76541	847375232539891000000	536299023464153	515684655980111	6222091411372650000000	1223693212036720000000000	33255058528440600000000	1224360728372040000000000	20612699687124.1
2950	3722562061.67639	1180540583503040000000	918072221710431	881137471511881	8026096137607960000000	1307393089408280000000000	34466638056614700000000	1095136171226730000000000	36931030276162.4
3000	8090910424.15118	1622997118977960000000	1538919332301450	1473934126250720	10222101515413100000000	1384718336297800000000000	35392382109654700000000	973476643293662000000000	64977108400314.2
3050	17121924136.2992	2203324563010120000000	2528663535744500	2416285096113800	12862685194738500000000	1454614450066710000000000	36025902242673800000000	860292803157758000000000	112361374727727
3100	35324275194.2701	2955600963031860000000	4077121865742330	3885965827517210	16001730155339500000000	1516317245640360000000000	36371585113345200000000	756191717891917000000000	191120669186299
3150	71136614489.4899	3920058626201110000000	6457115601735320	6137042601219340	19693909958865000000000	1569358817768390000000000	36443195571004500000000	661472085728676000000000	320001859143693
3200	139995980302.559	5143758907591590000000	10054548379257700	9526633043003230	23994235837816200000000	1613549714506320000000000	36261861681147200000000	576143374189258000000000	527774938547295
3250	269534493692.247	6681278324715310000000	15407174924975700	14548932869534100	28957607865551400000000	1648941990061930000000000	35853766439292200000000	499964565301213000000000	857972305209018
3300	508200837136.27	8595390038423630000000	23253900687992100	21877814881265200	34638333112431200000000	1675780280215500000000000	35247833276274200000000	432494910422774000000000	1375577867697740
3350	939284781211.589	10957722667831300000000	34596651784026100	32419365539409600	41089537526340300000000	1694448295118000000000000	34473674939349500000000	373149351926853000000000	2176347228084660
3400	1703305151241.4	13849364657231800000000	50776987545129500	47375647744896000	48362413184379500000000	1705416459567790000000000	33559929690871100000000	321252189380100000000000	3399636986139360
3450	3033109037155.39	17361390542672100000000	73569717176585700	68320821789772000	56505257325572200000000	1709196168113530000000000	32533082555340500000000	276084389709569000000000	5245860113949980
3500	5307950880380.32	21595264108391200000000	105295717772808000	97290435749786300	65562253790113500000000	1706302916051790000000000	31416737381927700000000	236921940312385000000000	7999975690829120
3550	9135425829990.85	26663078241477100000000	148956005068735000	136884097033659000	75571978263354800000000	1697228679802740000000000	30231279935898200000000	203064566500201000000000	12062769604312700
3600	15473601224129.5	32687583246156800000000	208388637209239000	190381069785603000	86565605834473900000000	1682424332911740000000000	28993863288658600000000	173855290061439000000000	17992092586595900
3650	25810195673254	39801941279890700000000	288449467515712000	261866930906233000	98564846557133600000000	1662289746359560000000000	27718597503980700000000	148692146040364000000000	26556726409550800
3700	42421413112093.9	48149155316116900000000	395216775244010000	356368265073387000	111579586603768000000000	1637170454615010000000000	26416887635530800000000	127033744507536000000000	38806089085089200
3750	68740158594113.3	57881106665785200000000	536218567618430000	479990132973909000	125605273345202000000000	1607360316483850000000000	25097845506851300000000	108400297569646000000000	56159695709922100
3800	109871970223758	69157111595732600000000	720679418222944000	640048595517340000	140620087053683000000000	1573106835585010000000000	23768718159597200000000	92371467810627500000000	80520984832890800
3850	173307081506441	82141937110733700000000	959781988018568000	845187665539544000	156581933565823000000000	1534619502305560000000000	22435317538991700000000	78582339220503500000000	114421014739700000
3900	269888214825117	97003236312752900000000	1266935463781340000	1105467034022920000	173425407866510000000000	1492080713511940000000000	21102425348435600000000	66718341857687600000000	161198503338804000
3950	415105776402544	113908249573282000000000	1658040519100930000	1432401791979550000	191058719840213000000000	1445656657306200000000000	19774154300885100000000	56509738445268600000000	225223597023641000
4000	630803143131830	133019751943876000000000	2151736947607760000	1838932331180240000	209360752806792000000000	1395509268117510000000000	18454259438263700000000	47726073571009700000000	312173856973141000
4050	947385020471584	154491283020016000000000	2769618494969830000	2339298932874330000	228178629164264000000000	1341808962625910000000000	17146417857095000000000	40170987355334300000000	429372163878635000
4100	1406625774851770	178461437664836000000000	3536393979654560000	2948790560986730000	247325646750877000000000	1284746570425750000000000	15854444069880400000000	33677335977314600000000	586196799460628000
4150	2065171196780630	205047399519811000000000	4479974674968790000	3683334783141930000	266580124876164000000000	1224545054672130000000000	14582456967580300000000	28102839022372000000000	794574713760138000
4200	2998811604838200	234337668357840000000000	5631466818746360000	4558898817744920000	285685353221044000000000	1161470484953240000000000	13334998389901800000000	23326221199239200000000	1069569293540070000
4250	4307566357288750	266384253995092000000000	7025051721918670000	5590671669568960000	304351115067782000000000	1095842023647030000000000	12117096169710100000000	19243831615156000000000	1430072561801220000
4300	6121554167263580	301194198240620000000000	8697735893714690000	6792005348315260000	322256793876013000000000	1028039373233920000000000	10934260153182700000000	15766701339362600000000	1899608883684520000
4350	8607529999830180	338721272534210000000000	10688978502410900000	8173117075504780000	339057002923816000000000	958508823890783000000000	9792433240201420000000	12818039554924700000000	2507254040350060000
4400	11975812791079700	378857711123065000000000	13040198107682500000	9739560080347740000	354389442460467000000000	887765389829591000000000	8697863079470820000000	10331090259324000000000	3288662116305950000
4450	16487141209538300	421427056767374000000000	15794204546311400000	11490534234535300000	367885677734168000000000	816391203699021000000000	7656926900348720000000	8247339733409640000000	4287183178658790000
4500	22458747573676500	466178563334961000000000	18994616693668800000	13417125304566100000	379184572312534000000000	745029538157500000000000	6675887517119740000000	6515040742528890000000	5555032677070590000
4550	30268657844888900	512783994585827000000000	22685358983001100000	15500640648034100000	387948525030974000000000	674372868916994000000000	5760609672457980000000	5088019965771620000000	7154449773563760000
4600	40356953685555600	560838275762819000000000	26910358752388700000	17711255765500400000	393881398029627000000000	605145764630640000000000	4916237292354290000000	3924755265050840000000	9158746046016370000
4650	53222530378066100	609864141235424000000000	31713598728848200000	20007255883475300000	396747964009037000000000	538081725043912000000000	4146867912032320000000	2987689086795720000000	11653121751169500000
4700	69413872383625400	659322472665457000000000	37139663372829000000	22335176846525600000	396392539018597000000000	473895087884790000000000	3455244460691220000000	2242760422811750000000	14735072717695800000
4750	89512595374181000	708627951441691000000000	43234868072227500000	24631136581706200000	392755355390114000000000	413249047962007000000000	2842500787886390000000	1659114540988890000000	18514217683543800000
4800	114109356512700000	757170662238419000000000	50049075274681500000	26823587453431000000	385884475906630000000000	356723087785275000000000	2308005213814910000000	1208959254096610000000	23111378689583900000
4850	143772787674492000	804341825109121000000000	57638065311944500000	28837485716782300000	375940669195590000000000	304781809032976000000000	1849319283504400000000	867515413959485000000	28656805340378100000
4900	179013981309046000	849562534327160000000000	66066292067793800000	30599689136546200000	363193833102972000000000	257750020221925000000000	1462301191360250000000	613013510132304000000	35287588784861600000
4950	220250616695024000	892312152129680000000000	75409706425921200000	32045006262539400000	348010177191873000000000	215796768775592000000000	1141347871310320000000	426685014805203000000	43144449243941000000
5000	267776259184766000	932153688415469000000000	85758222542805300000	33122081683945800000	330830466927721000000000	178931495872177000000000	879753959455607000000	292705644372443000000	52368363425015600000
5050	321740395121078000	968752437002054000000000	97217435470902800000	33798173162123400000	312142017135300000000000	147012876745233000000000	670144676745179000000	198063420609368000000	63097520976219200000
5100	382143675933815000	1001886460028180000000000	109909353042847000000	34061931129958900000	292447371045297000000000	119769610739493000000000	504927361014701000000	132342366174546000000	75465277671758500000
5150	448849595411063000	1031447275879110000000000	123972056468801000000	33923696761220700000	272233855619587000000000	96829898249227000000000	376705473354980000000	87433138623064700000	89599510018742700000
5200	521610946525908000	1057431959918380000000000	139558446573807000000	33413266259208500000	251947572494659000000000	77755418538706900000000	278610860308276000000	57195365562761600000	105623570822995000000
5250	600105784212038000	1079928288345950000000000	156834412360190000000	32575681952523800000	231974475591216000000000	62075233466131100000000	204529705352303000000	37103479957195800000	123658624017489000000
5300	683976456589299000	1099095743437770000000000	175976788117503000000	31465886199597500000	212629489958025000000000	49315788590086500000000	149218755795399000000	23906086046851300000	143826932572663000000
5350	772865582116523000	1115145400744540000000000	197171550107480000000	30143208079642500000	194153333168141000000000	39024568520325300000000	108326293179819000000	15321430838344900000	166255485816799000000
5400	866444451606651000	1128320688246580000000000	220612322521468000000	28666487074904800000	176715658613418000000000	30786428195962600000000	78342252905864400000	9781632602497750000	191079384632957000000
5450	964431837753492000	1138880794592510000000000	246499471107816000000	27090343870493300000	160422691665578000000000	24232937194139400000000	56504237409929800000	6229062424300940000	218444702604593000000
5500	1066603395105770000	1147087432515910000000000	275039740579954000000	25462753416994500000	145327000527997000000000	19045923514103800000000	40683303448403900000	3961478834827950000	248510392142031000000
5550	1172793448130850000	1153195201697010000000000	306446244516452000000	23823836676773600000	131438337100770000000000	14956706323703900000000	29267299732449300000	2518730122310470000	281449618585843000000
5600	1282891189753680000	1157444931355670000000000	340938819500283000000	22205641346209800000	118733893463651000000000	11742526034228600000000	21053042994898200000	1602522496307390000	317450284732554000000
5650	1396833480908460000	1160059693299160000000000	378744473880512000000	20632584312133300000	107167500780342000000000	9221443733787300000000	15153145065979400000	1021122798502200000	356715060196930000000
5700	1514596755273040000	1161243051065510000000000	420098130465385000000	19122315290795100000	96677383565763000000000	7246646832761850000000	10919300662097000000	652085933274808000	399461213187307000000
5750	1636188040041500000	1161178305449610000000000	465243071829211000000	17686751083423700000	87192350190635600000000	5700811250948680000000	7881371472229570000	417579898248734000	445920128510822000000
5800	1761637485329380000	1160029190249930000000000	514431664267393000000	16333140384018000000	78636592194532700000000	4490895543030580000000	5700341910151180000	268284420234422000	496336886797450000000
5850	1890991219382330000	1157940810313420000000000	567925807034257000000	15065065705063000000	70933212180175200000000	3543553276980390000000	4132755924210690000	173001120384108000	550969746045541000000
5900	2024305591747070000	1155041137436710000000000	625997317200471000000	13883313123036600000	64006741369390700000000	2801226727829630000000	3004277585332260000	112006794605009000	610089700294665000000
5950	2161643087389580000	1151442614894970000000000	688928465926889000000	12786618395990700000	57784841889662400000000	2218899096224710000000	2190288296136720000	72828043872824600	673980210178285000000
6000	2303068294950700000	1147243587209350000000000	757012037894652000000	11772263326016100000	52199357734675500000000	1761444535619550000000	1601782250849890000	47566878531745500	742936710172605000000
6050	2448645722974990000	1142530057590470000000000	830551748808839000000	10836552631516800000	47186928552441200000000	1401497473857920000000	1175196161590460000	31212961773510300	817266542008965000000
6100	2598437943621350000	1137376896497090000000000	909862241954826000000	9975183555132210000	42689219527866400000000	1117754833998350000000	865110404665191000	20579978162287600	897288618001983000000
6150	2752504440111720000	1131849429105970000000000	995269379108434000000	9183522414445640000	38652981049802700000000	893638082638261000000	639034984387217000	13635621754816100	983333354558302000000
6200	2910899747974520000	1126004366010930000000000	1087110145470530000000	8456806786626030000	35029896692822300000000	716242078779608000000	473693021122695000	9079312347281360	1075742434138650000000
6250	3073672467485140000	1119890944362230000000000	1185732618330870000000	7790294673062950000	31776349534846700000000	575514943048514000000	352376715512074000	6075696128370630	1174868652851250000000
6300	3240865433323400000	1113551946187590000000000	1291496101809810000000	7179367385480570000	28853107612808400000000	463619775593005000000	263067067779825000	4086131194400560	1281075922640940000000
6350	3412515183970130000	1107024467086490000000000	1404770979123670000000	6619598013511310000	26224997323964800000000	374439018865453000000	197096894437629000	2761863464082730	1394738911825980000000
6400	3588651149523220000	1100340611476130000000000	1525938646061380000000	6106795046601650000	23860550385392300000000	303190230467246000000	148199489321517000	1876116106076670	1516243267745560000000
6450	3769295951720400000	1093528192136700000000000	1655391422340210000000	5637026446517720000	21731662455251500000000	246128572491470000000	111831052385888000	1280776611018710	1645985099144390000000
6500	3954465302655430000	1086611216617660000000000	1793531983851540000000	5206630259149190000	19813274389369500000000	200316404889231000000	84687296790641600	878672900785781	1784370982193170000000
6550	4144167549564800000	1079610431696190000000000	1940774134429330000000	4812215543042740000	18083052336650900000000	163444781766367000000	64357991661942800	605761212259646	1931817849740230000000
6600	4338404125345540000	1072543739122400000000000	2097541806414760000000	4450656671819440000	16521114420097000000000	133695296016753000000	49079554309675800	419636368767193	2088752705282820000000
6650	4537169052024480000	1065426491103750000000000	2264268779630500000000	4119081938118440000	15109761237246900000000	109632796663290000000	37557440095152600	292089965517630	2255612576194670000000
6700	4740449239898480000	1058271889970760000000000	2441399313957470000000	3814861416967350000	13833242977359500000000	90122123451692700000	28838330025643600	204269861828572	2432843949847270000000
6750	4948224229152320000	1051091239683750000000000	2629386810727290000000	3535591319471780000	12677540253293700000000	74263440398606700000	22217898024251800	143518078749416	2620902997661080000000
6800	5160466587360450000	1043894181766520000000000	2828694353922660000000	3279078347540110000	11630176088151400000000	61341814026604800000	17174073806859600	101296093480853	2820254814980760000000
6850	5377141371288070000	1036688901619600000000000	3039793843889130000000	3043324206973200000	10680040266048300000000	50787923673506300000	13318609396072800	71817539679927.3	3031373440818650000000
6900	5598205815296730000	1029482260788920000000000	3263165982503890000000	2826509887850560000	9817235260372080000000	42147355941517300000	10361834089856700	51143115716366.9	3254741315637560000000
6950	5823610791639540000	1022280106024740000000000	3499299988968810000000	2626980943177520000	9032940223804480000000	35056577149282000000	8086914776893230	36578771250272.7	3490849328854510000000
7000	6053298878664140000	1015087240996680000000000	3748692563014190000000	2443233211245010000	8319289189496590000000	29224077144676300000	6331015674607730	26273760319702.1	3740195996025470000000
7050	6287205707583920000	1007907616467720000000000	4011848439097520000000	2273899675524270000	7669263034094610000000	24415565629900400000	4971456943681930	18951000507917.9	4003287391964710000000
7100	6525259363211100000	1000744494004970000000000	4289279348163440000000	2117738318484140000	7076594227358310000000	20442301697626900000	3915515620230190	13725376272226.4	4280636337027520000000
7150	6767380214907230000	993600422648963000000000	4581503532154130000000	1973620274097510000	6535681064000960000000	17151890212670900000	3092888416102650	9980764442579.43	4572762530249290000000
7200	7013481400046560000	986477422861274000000000	4889045498612940000000	1840519984721320000	6041514336234470000000	14421003086676300000	2450104085051870	7286451903768.17	4880191487193140000000
7250	7263468059905890000	979376973831355000000000	5212435588145730000000	1717505186706500000	5589609877217910000000	12149607778038200000	1946366955327110	5340064019004.94	5203454624359370000000
7300	7517238044265010000	972300111449412000000000	5552209062723870000000	1603728124048560000	5175950612090580000000	10256387670349900000	1550457331296780	3928442181325.14	5543088048823290000000
7350	7774681450964710000	965247550508658000000000	5908905864279920000000	1498418039395410000	4796935020596690000000	8675091606335450000	1238411174539340	2900704522281.96	5899632816182800000000
7400	8035680551002720000	958219617961128000000000	6283070201887830000000	1400873608567000000	4449330727449850000000	7351624065533540000	991779201749845	2149620153788.01	6273633632932060000000
7450	8300109854860180000	951216335813844000000000	6675249226571540000000	1310456308296990000	4130234434329600000000	6241720788945330000	796316219678802	1598678843132.67	6665638617123450000000
7500	8567836120354510000	944237509328911000000000	7085993235808210000000	1226584888727260000	3837035935224410000000	5309083535064140000	640991172946455	1193076955388.67	7076198814223710000000
7550	8838718462047070000	937282688806714000000000	7515854646734800000000	1148729368471520000	3567386451120940000000	4523883603520970000	517237664047952	893408799700.082	7505867274299360000000
7600	9112607714477600000	930351232189649000000000	7965387258051420000000	1076406937308940000	3319170604310480000000	3861557726001600000	418384666260767	671233552306.743	7955198223744100000000
7650	9389347431838540000	923442355662159000000000	8435145534087510000000	1009176937402480000	3090480937085410000000	3301837346503760000	339222789960264	505948421715.953	8424747013564400000000
7700	9668772545610710000	916555083610231000000000	8925684054708550000000	946637249611734000	2879596742067580000000	2827963217340660000	275673048767386	382574359016.067	8915068621911200000000
7750	9950710415695160000	909688351593734000000000	9437556603421220000000	888420608767137000	2684963616642890000000	2426050738853770000	224533036798279	290182179347.744	9426717591409560000000
7800	10234981160935500000	902840960450011000000000	9971315792835080000000	834191205968596000	2505176476689180000000	2084573918804590000	183281955410836	220769721166.854	9960246632996700000000
7850	10521396721502600000	896011649344123000000000	10527512016640000000000	783642148954137000	2338964069368220000000	1793946568576920000	149930452300235	168457828299.929	10516206329444400000000
7900	10809759810185800000	889199055518583000000000	11106690915053100000000	736492474107573000	2185174888996800000000	1546180077727910000	122904582072612	128912548889.799	11095144318062700000000
7950	11099867877332300000	882401762761330000000000	11709396239513800000000	692484951224105000	2042765366642310000000	1334605203196260000	100955972778572	98928472095.8174	11697604496886300000000
8000	11391508247710400000	875618294391543000000000	12336166775128400000000	651383844482856000	1910788646320090000000	1153643874796660000	83092077781877.4	76127174501.4971	12324124013336000000000
8050	11684461321279800000	868847128888957000000000	12987534112748500000000	612973015760651000	1788384725085660000000	998621788073586000	68521848561554.7	58738245675.3626	12975236412420200000000
8100	11978501217026300000	862086753369487000000000	13664024263602900000000	577054148054132000	1674772160592520000000	865615507607101000	56613347838748.1	45439762638.6668	13651468728193800000000
8150	12273393103007600000	855335558068217000000000	14366154806563800000000	543445132196631000	1569240159816410000000	751325719586692000	46860575075811.9	35241651876.125	14353337791880800000000
8200	12568894751255800000	848591980420773000000000	15094435623931900000000	511978670151732000	1471141439808090000000	652973317756847000	38857456087135.9	27400171248.9037	15081354495630400000000
8250	12864757912739900000	841854420217289000000000	15849366652250300000000	482500934301030000	1379886131940960000000	568213377360798000	32277383983503.9	21354981228.1466	15836019761017100000000
8300	13160726027290600000	835121285181348000000000	16631438110174600000000	454870403195391000	1294936551020790000000	495064032648214000	26857090187997.1	16682702162.2481	16617822204338300000000
8350	13456534782654400000	828390978555089000000000	17441126693640900000000	428956783689014000	1215801594479530000000	431847532989547000	22383910324208.3	13062541273.207	17427241209454600000000
8400	13751916518460400000	821661931028581000000000	18278899043315800000000	404640046586011000	1142032841992630000000	377141261939181000	18685697878867.6	10250761975.0609	18264742663494900000000
8450	14046592728926600000	814932565048044000000000	19145206610934400000000	381809535856689000	1073220311221770000000	329737071088317000	15622811490205.3	8061674902.88745	19130778125789900000000
8500	14340282616728600000	808201347512617000000000	20040486735867700000000	360363192498226000	1008988772720860000000	288607325780232000	13081755632995.4	6353438750.95311	20025785873630500000000
8550	14632696578280000000	801466750541121000000000	20965159100008700000000	340206782240521000	948994747185044000000	252876608845117000	10970096932369.6	5017425849.46173	20950186504154000000000
8600	14923539881893700000	794727281544200000000000	21919629537251000000000	321253290932220000	892923260381565000000	221798079222997000	9212412679166.16	3970233665.13937	21904385106438300000000
8650	15212513043821800000	787981491576824000000000	22904285410515000000000	303422271146349000	840485633821022000000	194733594409980000	7747041753786.3	3147668014.33131	22888769135199000000000
8700	15499310359163600000	781227955053604000000000	23919491987195100000000	286639332021124000	791416829151088000000	171137173307688000	6523479244843.52	2500198896.71719	23903706371247100000000
8750	15783623333408600000	774465305054095000000000	24965598150910400000000	270835626075769000	745473353192429000000	150540963959270000	5500283578994.78	1989520252.04684	24949543336165900000000
8800	16065137403123400000	767692194739241000000000	26042929199223900000000	255947405667879000	702431412410810000000	132543537494301000	4643388428875.86	1585937145.49252	26026607807381200000000
8850	16343534567261900000	760907353761553000000000	27151788965041600000000	241915584485212000	662085124817440000000	116799964613807000	3924741188800.56	1266377813.62562	27135202871386400000000
8900	16618492774739100000	754109530749090000000000	28292456695297700000000	228685394029767000	624244943853333000000	103013492879751000	3321201397311.14	1012876681.71204	28275609403638200000000
8950	16889687891888100000	747297541863401000000000	29465187464620700000000	216206009760310000	588736252415981000000	90928462294058000	2813648999910.61	811413641.899749	29448081728512300000000
9000	17156792959480000000	740470290003137000000000	30670211810890600000000	204430258147037000	555398076728153000000	80324327281210500	2386259401974.11	651024383.43161	30652850429172500000000
9050	17419477964659500000	733626696907187000000000	31907731234885100000000	193314312524134000	524081893234690000000	71010604858998300	2025914601484.01	523116528.416422	31890118585831900000000
9100	17677413525788700000	726765767965098000000000	33177921390974200000000	182817442437623000	494650587750479000000	62822565161235900	1721722751456.05	420942874.110982	33160061104890300000000
9150	17930266678397600000	719886553975543000000000	34480924981843700000000	172901753793591000	466977466529479000000	55617575905839700	1464626802805.35	339194617.268277	34462822230317900000000
9200	18177707068876700000	712988207355677000000000	35816859364748900000000	163532010067947000	440945419257493000000	49271991620690300	1247083926319.23	273686652.593693	35798518566721800000000
9250	18419401372230900000	706069916611472000000000	37185807593425800000000	154675359363296000	416446104735633000000	43678497301736100	1062802906776.49	221113464.323451	37167233182560200000000
9300	18655020149967000000	699130969474427000000000	38587819333887500000000	146301223190003000	393379225334703000000	38743847428397600	906529063448.262	178859486.842821	38569017974347400000000
9350	18884233734795000000	692170714635099000000000	40022914653811200000000	138381088625875000	371651858854479000000	34386928625373300	773867170087.041	144851332.723864	40003891508752600000000
9400	19106716086807100000	685188575010712000000000	41491074802220500000000	130888350312763000	351177875735316000000	30537103421176400	661135990867.911	117442559.74321	41471837215699200000000
9450	19322143168290200000	678184062749918000000000	42992248802714500000000	123798176060213000	331877400837740000000	27132788007619400	565247839765.623	95323510.0337237	42972803345694700000000
9500	19530194539547900000	671156755465039000000000	44526347368329100000000	117087366650938000	313676271048112000000	24120238474950000	483609737335.531	77450691.2849967	44506700577424300000000
9550	19730555108039800000	664106333869890000000000	46093244895450300000000	110734261960248000	296505627450104000000	21452500782693500	414041250090.495	62991320.5160315	46073403983130800000000
9600	19922914976650300000	657032563384716000000000	47692778240008000000000	104718586202569000	280301473232874000000	19088513839217200	354706580128.895	51279765.6380564	47672750367014900000000
9650	20106969282091700000	649935270455892000000000	49324742585541100000000	99021384000755500	265004284997263000000	16992331629501100	304058175889.897	41783145.7691838	49304536960491000000000
9700	20282420824914900000	642814386328909000000000	50988895731075200000000	93624903046204800	250558685070813000000	15132455322448300	260789958450.903	34074239.5805611	50968519377809900000000
9750	20448980318643100000	635669936852832000000000	52684953390556300000000	88512503115751900	236913117114763000000	13481259146413000	223798340995.807	27810033.1119567	52664416034994600000000
9800	20606366609992900000	628502031630723000000000	54412591814277900000000	83668606579734500	224019539482457000000	12014488276306000	192149794103.394	22714737.1964576	54391901696289900000000
9850	20754307590018900000	621310863219600000000000	56171443650460200000000	79078588847661500	211833166930521000000	10710830441833800	165053775705.506	18566311.336921	56150610278287300000000
9900	20892541065467200000	614096737929547000000000	57961099883318100000000	74728730161601500	200312232248070000000	9551540882619970	141840109786.319	15185750.6159408	57940132643898300000000
9950	21020816453717700000	606860038120736000000000	59781107106233000000000	70606140640893800	189417745436213000000	8520119479079540	121940074555.858	12428561.8088849	59760015264570000000000
10000	21138893805031600000	599601239992709000000000	61630970177520300000000	66698726165850800	179113294723878000000	7602028633894170	104870547394.391	10177965.6166999	61609764859882200000000

