   0 |                  0.00    |
     |                          |
   0 |              52724.69    |
   1 |              52853.28    |
   2 |              53115.01    |
     |                          |
   1 |              82884.41    |
     |                          |
   2 |             122214.52    |
     |                          |
   0 |             129708.45    |
   1 |             129841.97    |
   2 |             130100.52    |
     |                          |
   3 |             142943.74    |
   2 |             142945.84    |
   1 |             142948.25    |
     |                          |
   1 |             153377.05    |
     |                          |
   0 |             153444.23    |
     |                          |
   0 |             159069.61    |
     |                          |
   2 |             165765.00    |
     |                          |
   0 |             175230.01    |
   1 |             175263.10    |
   2 |             175336.26    |
     |                          |
   1 |             176487.19    |
     |                          |
   2 |             198923.15    |
   3 |             199026.49    |
   4 |             199164.10    |
     |                          |
   1 |             201597.73    |
   2 |             201598.28    |
   3 |             201599.48    |
     |                          |
   2 |             204330.79    |
     |                          |
   3 |             204828.06    |
     |                          |
   2 |             205029.09    |
     |                          |
   1 |             206176.08    |
     |                          |
   0 |             207874.09    |
     |                          |
   2 |             209531.40    |
   3 |             209559.33    |
   4 |             209599.70    |
     |                          |
   1 |             214532.17    |
     |                          |
   2 |             214989.27    |
   1 |             214994.65    |
   0 |             214995.46    |
     |                          |
   2 |             216190.24    |
   1 |             216288.69    |
   0 |             216350.26    |
     |                          |
   1 |             217385.77    |
   2 |             217439.92    |
   3 |             217489.49    |
     |                          |
   3 |             225526.33    |
     |                          |
   0 |             226400.00    |
   1 |             226527.42    |
   2 |             226820.28    |
     |                          |
   1 |             227081.19    |
   2 |             227084.21    |
   3 |             227088.72    |
     |                          |
   2 |             227665.09    |
     |                          |
   1 |             228699.75    |
     |                          |
   1 |             229623.19    |
     |                          |
   2 |             230267.7     |
   3 |             230268.62    |
   4 |             230270.66    |
     |                          |
   3 |             230301.22    |
   4 |             230301.66    |
   5 |             230302.35    |
     |                          |
   4 |             230302.01    |
     |                          |
   0 |             230364.46    |
     |                          |
   1 |             234387.64    |
     |                          |
   0 |             234415.07    |
   1 |             234428.40    |
   2 |             234442.18    |
     |                          |
   3 |             235413.93    |
     |                          |
   1 |             235951.09    |
     |                          |
   1 |             240262.28    |
   2 |             240284.28    |
   3 |             240314.63    |
     |                          |
   2 |             240549.77    |
     |                          |
   1 |             242145.10    |
     |                          |
   2 |             242410.88    |
   3 |             242411.27    |
   4 |             242411.70    |
     |                          |
   3 |             242473.66    |
   4 |             242473.86    |
   5 |             242474.81    |
     |                          |
   4 |             242474.27    |
     |                          |
   0 |             242537.95    |
     |                          |
   6 |             242639.38    |
   4 |             242639.38    |
   5 |             242639.38    |
     |                          |
   5 |             242639.38    |
     |                          |
   1 |             242885.30    |
     |                          |
   3 |             243868.50    |
     |                          |
   1 |             244736.93    |
   2 |             244866.05    |
   3 |             245086.58    |
     |                          |
   1 |             244871.47    |
     |                          |
   0 |             244928.72    |
   1 |             244933.36    |
   2 |             244943.31    |
     |                          |
   0 |             247871.66    |
   1 |             247953.69    |
   2 |             248168.04    |
     |                          |
   2 |             247935.39    |
     |                          |
   1 |             248772.86    |
     |                          |
   1 |             249093.5     |
   2 |             249103.90    |
   3 |             249121.14    |
     |                          |
   1 |             249766.19    |
     |                          |
   2 |             249774.48    |
   3 |             249774.70    |
   4 |             249774.98    |
     |                          |
   3 |             249817.32    |
   4 |             249817.85    |
   5 |             249818.93    |
     |                          |
   4 |             249817.94    |
     |                          |
   0 |             249857.26    |
     |                          |
   5 |             249937.29    |
   6 |             249937.29    |
   4 |             249937.29    |
     |                          |
   5 |             249937.29    |
     |                          |
   6 |            [249966.49]   |
     |                          |
   6 |            [249966.49]   |
   7 |            [249966.49]   |
   5 |            [249966.49]   |
     |                          |
   3 |             250366.22    |
     |                          |
   2 |             250636.55    |
     |                          |
   1 |            [254002]      |
   2 |            [254004]      |
   3 |             254007.48    |
     |                          |
   2 |             254557.03    |
   3 |             254557.26    |
   4 |             254557.64    |
     |                          |
   4 |             254584.6     |
     |                          |
   4 |             254584.8     |
   3 |             254584.8     |
   5 |             254585.75    |
     |                          |
   6 |             254674.4     |
   4 |             254674.4     |
   5 |             254674.4     |
     |                          |
   5 |             254674.4     |
     |                          |
   7 |             254694.99    |
   5 |             254694.99    |
   6 |             254694.99    |
     |                          |
   6 |             254694.99    |
     |                          |
   7 |            [254702.29]   |
     |                          |
   7 |            [254702.29]   |
   8 |            [254702.29]   |
   6 |            [254702.29]   |
     |                          |
   2 |             254766.75    |
     |                          |
   3 |             254855.42    |
     |                          |
   1 |             257415.6     |
   2 |             257415.6     |
   3 |             257415.6     |
     |                          |
   4 |             257831.4     |
   2 |             257831.4     |
   3 |             257831.4     |
     |                          |
   2 |             257848.5     |
     |                          |
   3 |             257853.6     |
   4 |             257853.6     |
   5 |             257853.6     |
     |                          |
   6 |             257922.0     |
   4 |             257922.0     |
   5 |             257922.0     |
     |                          |
   5 |             257922.0     |
     |                          |
   7 |             257936.99    |
   5 |             257936.99    |
   6 |             257936.99    |
     |                          |
   6 |             257936.99    |
     |                          |
   7 |            [257942.30]   |
     |                          |
   7 |            [257942.30]   |
   8 |            [257942.30]   |
   6 |            [257942.30]   |
     |                          |
   7 |            [257944.45]   |
   8 |            [257944.45]   |
   9 |            [257944.45]   |
     |                          |
   8 |            [257944.45]   |
     |                          |
   3 |             258013.37    |
     |                          |
   0 |             258978.66    |
     |                          |
   2 |             267483.87    |
     |                          |
   2 |                          |
   3 |                          |
   4 |             267686.48    |
