   2 |                 0.000    |
   1 |               158.265    |
   0 |               226.977    |
     |                          |
   2 |             15867.862    |
     |                          |
   0 |             33792.583    |
     |                          |
   2 |             73768.200    |
     |                          |
   1 |             76794.978    |
     |                          |
   1 |             86625.757    |
   2 |             86627.778    |
   3 |             86631.454    |
     |                          |
   1 |             88630.587    |
   2 |             88631.146    |
   0 |             88631.303    |
     |                          |
   2 |             95476.728    |
     |                          |
   1 |             96225.049    |
     |                          |
   4 |             97420.630    |
   3 |             97420.716    |
   2 |             97420.839    |
   1 |             97420.942    |
   0 |             97420.991    |
     |                          |
   1 |             97488.378    |
   2 |             97488.448    |
   3 |             97488.538    |
     |                          |
   1 |             99092.968    |
   2 |             99093.641    |
   3 |             99094.837    |
     |                          |
   1 |             99680.968    |
   2 |             99681.049    |
   0 |             99681.309    |
     |                          |
   3 |            101135.407    |
   2 |            101147.526    |
   1 |            101155.422    |
     |                          |
   2 |            102116.698    |
     |                          |
   1 |            102411.995    |
     |                          |
   2 |            102662.026    |
     |                          |
   4 |            102865.506    |
   3 |            102865.547    |
   2 |            102865.606    |
   1 |            102865.655    |
   0 |            102865.679    |
     |                          |
   3 |            102908.374    |
   2 |            102908.443    |
   1 |            102908.489    |
     |                          |
   4 |            102968.249    |
   2 |            102968.249    |
   5 |            102968.249    |
   3 |            102968.249    |
   1 |            102968.249    |
     |                          |
   2 |            102968.343    |
   3 |            102968.343    |
   4 |            102968.343    |
     |                          |
   1 |            103625.754    |
   2 |            103626.111    |
   3 |            103626.611    |
     |                          |
   2 |            103869.968    |
   1 |            103870.028    |
   0 |            103870.252    |
     |                          |
   2 |            105019.307    |
     |                          |
   1 |            105165.232    |
     |                          |
   4 |            105385.354    |
   3 |            105385.377    |
   2 |            105385.409    |
   1 |            105385.436    |
   0 |            105385.449    |
     |                          |
   1 |            105409.008    |
   2 |            105409.008    |
   3 |            105409.008    |
     |                          |
   5 |            105441.645    |
   3 |            105441.645    |
   1 |            105441.645    |
   4 |            105441.645    |
   2 |            105441.645    |
     |                          |
   4 |            105441.724    |
   2 |            105441.724    |
   3 |            105441.724    |
     |                          |
   1 |            105788.431    |
   2 |            105788.595    |
   3 |            105788.856    |
     |                          |
   0 |            105912.031    |
   1 |            105912.031    |
   2 |            105912.031    |
     |                          |
   2 |            106545.354    |
     |                          |
   1 |            106627.934    |
     |                          |
   4 |            106751.447    |
   3 |            106751.458    |
   2 |            106751.474    |
   1 |            106751.487    |
   0 |            106751.494    |
     |                          |
   3 |            106765.803    |
   1 |            106765.803    |
   2 |            106765.803    |
     |                          |
   4 |            106785.160    |
   2 |            106785.160    |
   5 |            106785.160    |
   3 |            106785.160    |
   1 |            106785.160    |
     |                          |
   2 |            106785.201    |
   3 |            106785.201    |
   4 |            106785.201    |
     |                          |
   6 |            106787.903    |
   4 |            106787.903    |
   2 |            106787.903    |
   5 |            106787.903    |
   3 |            106787.903    |
     |                          |
   5 |            106787.903    |
   3 |            106787.903    |
   4 |            106787.903    |
     |                          |
   2 |            107446.036    |
     |                          |
   1 |            107497.224    |
     |                          |
   4 |            107573.476    |
   3 |            107573.484    |
   2 |            107573.495    |
   1 |            107573.504    |
   0 |            107573.508    |
     |                          |
   3 |            107582.777    |
   1 |            107582.777    |
   2 |            107582.777    |
     |                          |
   4 |            107595.140    |
   2 |            107595.140    |
   5 |            107595.140    |
   3 |            107595.140    |
   1 |            107595.140    |
     |                          |
   2 |            107595.147    |
   3 |            107595.147    |
   4 |            107595.147    |
     |                          |
   2 |            108021.400    |
     |                          |
   1 |            108056.000    |
     |                          |
   4 |            108106.072    |
   3 |            108106.077    |
   2 |            108106.085    |
   1 |            108106.091    |
   0 |            108106.094    |
     |                          |
   2 |            108114.0      |
   3 |            108114.0      |
   1 |            108114.0      |
     |                          |
   2 |            108412.0      |
     |                          |
   1 |            108436.3      |
     |                          |
   2 |            108470.23     |
   0 |            108470.23     |
   3 |            108470.23     |
   1 |            108470.23     |
   4 |            108470.23     |
     |                          |
   3 |            108476.7      |
   1 |            108476.7      |
   2 |            108476.7      |
     |                          |
   1 |            108705.5      |
     |                          |
   4 |            108731.53     |
   2 |            108731.53     |
   0 |            108731.53     |
   3 |            108731.53     |
   1 |            108731.53     |
     |                          |
   2 |            108736.1      |
   3 |            108736.1      |
   1 |            108736.1      |
     |                          |
   1 |            108906.1      |
     |                          |
   2 |            108927.2      |
   3 |            108927.2      |
   1 |            108927.2      |
     |                          |
   1 |            109056.0      |
     |                          |
   3 |            109073.3      |
   1 |            109073.3      |
   2 |            109073.3      |
     |                          |
   1 |            109171.7      |
     |                          |
   3 |            109186.3      |
   1 |            109186.3      |
   2 |            109186.3      |
     |                          |
   1 |            109265.9      |
     |                          |
   3 |            109278.2      |
   2 |            109278.2      |
   1 |            109283.0      |
     |                          |
   1 |            109341.0      |
     |                          |
   2 |            109348.9      |
   3 |            109348.9      |
   1 |            109348.9      |
     |                          |
   1 |            109402.4      |
     |                          |
   3 |            109409.5      |
   1 |            109409.5      |
   2 |            109409.5      |
     |                          |
   1 |            109454.7      |
     |                          |
   3 |            109457.6      |
   1 |            109457.6      |
   2 |            109457.6      |
     |                          |
   1 |            109492.9      |
   2 |            109498.0      |
   3 |            109499.0      |
     |                          |
   1 |            109499.0      |
     |                          |
   2 |            109533.2      |
   3 |            109533.2      |
   1 |            109533.2      |
     |                          |
   1 |            109533.3      |
     |                          |
   3 |            109561.5      |
   1 |            109561.5      |
   2 |            109561.5      |
     |                          |
   1 |            109562.3      |
     |                          |
   1 |            109589.0      |
     |                          |
   3 |            109589.3      |
   1 |            109589.3      |
   2 |            109589.3      |
     |                          |
   2 |            109610.5      |
   3 |            109610.5      |
   1 |            109610.5      |
     |                          |
   1 |            109610.5      |
     |                          |
   2 |            109630.0      |
   3 |            109630.0      |
   1 |            109630.0      |
     |                          |
   1 |            109630.0      |
     |                          |
   1 |            109647.7      |
     |                          |
   3 |            109647.7      |
   1 |            109647.7      |
   2 |            109647.7      |
     |                          |
   1 |            109661.4      |
     |                          |
   3 |            109661.4      |
   1 |            109661.4      |
   2 |            109661.4      |
     |                          |
   2 |            109673.5      |
   3 |            109673.5      |
   1 |            109673.5      |
     |                          |
   1 |            109673.5      |
     |                          |
   2 |            109686.2      |
   3 |            109686.2      |
   1 |            109686.2      |
     |                          |
   1 |            109686.2      |
     |                          |
   1 |            109695.9      |
     |                          |
   3 |            109695.9      |
   1 |            109695.9      |
   2 |            109695.9      |
     |                          |
   1 |            109705.4      |
     |                          |
   3 |            109705.4      |
   1 |            109705.4      |
   2 |            109705.4      |
     |                          |
   2 |            109713.7      |
   3 |            109713.7      |
   1 |            109713.7      |
     |                          |
   1 |            109713.7      |
