   0 |                 0.00    |
     |                         |
   0 |             52367.06    |
   1 |             52390.75    |
   2 |             52447.11    |
     |                         |
   1 |            102352.04    |
     |                         |
   0 |            137425.70    |
   1 |            137454.40    |
   2 |            137502.01    |
     |                         |
   2 |            145876.13    |
     |                         |
   0 |            182519.88    |
     |                         |
   1 |            238213.00    |
     |                         |
   0 |            247170.26    |
     |                         |
   1 |            258931.29    |
     |                         |
   0 |            259705.55    |
   1 |            259711.22    |
   2 |            259724.30    |
     |                         |
   1 |            270010.83    |
   2 |            270011.93    |
   3 |            270014.74    |
     |                         |
   2 |            276482.86    |
     |                         |
   0 |            308216.58    |
   1 |            308248.91    |
   2 |            308317.29    |
     |                         |
   1 |            309457.17    |
     |                         |
   1 |            310006.32    |
     |                         |
   0 |            311721.51    |
     |                         |
   0 |            317794.26    |
   1 |            317796.51    |
   2 |            317801.30    |
     |                         |
   1 |            319720.35    |
     |                         |
   1 |            321411.31    |
   2 |            321426.74    |
   3 |            321450.05    |
     |                         |
   2 |            322003.68    |
   3 |            322009.58    |
   4 |            322017.97    |
     |                         |
   1 |            322404.20    |
     |                         |
   3 |            322702.02    |
     |                         |
   1 |            323076.88    |
   2 |            323101.36    |
   3 |            323140.33    |
     |                         |
   2 |            324212.49    |
     |                         |
   1 |            327278.27    |
     |                         |
   0 |            329685.38    |
   1 |            329706.47    |
   2 |            329743.57    |
     |                         |
   2 |            332691.28    |
     |                         |
   2 |            333118.21    |
     |                         |
   2 |            333387.01    |
   3 |            333411.55    |
   4 |            333447.24    |
     |                         |
   1 |            337655.98    |
   2 |            337668.89    |
   3 |            337688.04    |
     |                         |
   0 |            338514.33    |
     |                         |
   1 |            339934.72    |
     |                         |
   2 |            340101.84    |
   1 |            340127.53    |
   0 |            340141.83    |
     |                         |
   3 |            341370.94    |
     |                         |
   1 |            343258.03    |
     |                         |
   2 |            344232.98    |
   1 |            344236.29    |
   0 |            344238.68    |
     |                         |
   0 |            345095.43    |
     |                         |
   1 |            345496.57    |
   2 |            345496.72    |
   3 |            345497.15    |
     |                         |
   3 |            346579.21    |
   4 |            346579.21    |
   5 |            346579.49    |
     |                         |
   4 |            346579.31    |
     |                         |
   2 |            346658.34    |
     |                         |
   1 |            346712.73    |
     |                         |
   2 |            347151.89    |
   3 |            347153.26    |
   4 |            347155.41    |
     |                         |
   3 |            348859.99    |
     |                         |
   1 |            354858.03    |
     |                         |
   0 |            357049.38    |
   1 |            357050.17    |
   2 |            357051.23    |
     |                         |
   1 |            357109.68    |
     |                         |
   3 |            358097.78    |
   2 |            358097.78    |
   1 |            358097.78    |
     |                         |
   4 |            358692.18    |
     |                         |
   3 |            358692.2     |
   4 |            358692.2     |
   5 |            358692.4     |
     |                         |
   2 |            358732.93    |
     |                         |
   5 |            358776.3     |
     |                         |
   5 |            358776.3     |
   4 |            358776.3     |
   6 |            358776.3     |
     |                         |
   2 |            358850.02    |
   3 |            358850.32    |
   4 |            358850.74    |
     |                         |
   3 |            359121.95    |
     |                         |
   1 |            363613       |
     |                         |
   1 |            364896       |
     |                         |
   2 |            365638       |
   1 |            365638       |
   3 |            365638       |
     |                         |
   3 |            365998.4     |
   5 |            365998.4     |
   4 |            365998.4     |
     |                         |
   2 |            366028       |
     |                         |
   3 |            366069.0     |
   2 |            366069.0     |
   4 |            366069.0     |
     |                         |
   1 |            369926       |
     |                         |
   2 |            370499       |
   1 |            370499       |
   3 |            370499       |
     |                         |
   1 |            373828       |
   3 |            373828       |
   2 |            373828       |
     |                         |
   0 |            376278.1     |
   1 |            376299.2     |
   2 |            376403.6     |
     |                         |
   1 |            381105.4     |
     |                         |
   1 |            381950       |
   2 |            381971       |
   3 |            382010       |
     |                         |
   0 |            384345       |
   1 |            384365       |
   2 |            384405.4     |
     |                         |
   2 |            385638.1     |
     |                         |
   2 |            385817.2     |
     |                         |
   2 |            385826+x     |
   4 |            385826+x     |
   3 |            385826+x     |
