   0 |               0.00    |
   1 |              16.40    |
   2 |              43.40    |
     |                       |
   2 |           10192.63    |
     |                       |
   0 |           21648.01    |
     |                       |
   2 |           33735.20    |
     |                       |
   0 |           60333.43    |
   1 |           60352.63    |
   2 |           60393.14    |
     |                       |
   1 |           61981.82    |
     |                       |
   3 |           64086.92    |
   1 |           64089.85    |
   2 |           64090.95    |
     |                       |
   1 |           68856.33    |
     |                       |
   1 |           69689.48    |
   2 |           69710.66    |
   3 |           69744.03    |
     |                       |
   1 |           70743.95    |
     |                       |
   0 |           71352.51    |
   1 |           71364.90    |
   2 |           71385.38    |
     |                       |
   2 |           72610.72    |
     |                       |
   0 |           73975.91    |
     |                       |
   1 |           75253.97    |
   2 |           75255.27    |
   0 |           75256.12    |
     |                       |
   2 |           77679.82    |
     |                       |
   0 |           78104.98    |
   1 |           78116.74    |
   2 |           78148.09    |
     |                       |
   2 |           78199.07    |
   3 |           78215.51    |
   4 |           78249.94    |
     |                       |
   1 |           78293.49    |
   2 |           78307.63    |
   3 |           78318.25    |
     |                       |
   1 |           78340.28    |
     |                       |
   3 |           78529.62    |
     |                       |
   1 |           78731.27    |
     |                       |
   2 |           79310.85    |
   1 |           79318.78    |
   0 |           79323.16    |
     |                       |
   1 |           80562.85    |
     |                       |
   1 |           80782.51    |
   2 |           80801.27    |
   3 |           80834.61    |
     |                       |
   1 |           81105.03    |
     |                       |
   0 |           81311.01    |
   1 |           81325.76    |
   2 |           81343.99    |
     |                       |
   2 |           81769.79    |
     |                       |
   0 |           82251.71    |
     |                       |
   2 |           83497.62    |
     |                       |
   0 |           83740.06    |
   1 |           83752.41    |
   2 |           83791.04    |
     |                       |
   2 |           83747.39    |
   3 |           83761.26    |
   4 |           83798.57    |
     |                       |
   1 |           83820.13    |
   2 |           83838.08    |
   3 |           83848.83    |
     |                       |
   1 |           83877.31    |
     |                       |
   3 |           83919.65    |
   2 |           83919.76    |
     |                       |
   3 |           83926.20    |
   4 |           83926.37    |
     |                       |
   3 |           83947.43    |
     |                       |
   3 |           83986.22    |
   4 |           83986.45    |
     |                       |
   3 |           84013.25    |
   2 |           84013.40    |
     |                       |
   5 |           84015.86    |
   4 |           84016.25    |
     |                       |
   1 |           84032.15    |
     |                       |
   1 |           84036.29    |
   2 |           84036.40    |
     |                       |
   2 |           84103.10    |
   1 |           84116.09    |
   0 |           84121.22    |
     |                       |
   1 |           84851.53    |
     |                       |
   1 |           84935.34    |
   2 |           84950.36    |
   3 |           84984.97    |
     |                       |
   0 |           85169.61    |
   1 |           85188.95    |
   2 |           85203.64    |
     |                       |
   2 |           85399.81    |
     |                       |
   0 |           85625.18    |
     |                       |
   2 |           86185.20    |
     |                       |
   2 |           86317.64    |
   3 |           86327.16    |
   4 |           86369.47    |
     |                       |
   0 |           86321.94    |
   1 |           86331.63    |
   2 |           86369.60    |
     |                       |
   1 |           86362.52    |
   2 |           86389.38    |
   3 |           86397.80    |
     |                       |
   1 |           86416.55    |
     |                       |
   3 |           86449.19    |
     |                       |
   3 |           86469.51    |
   4 |           86469.66    |
     |                       |
   3 |           86482.66    |
   2 |           86482.78    |
     |                       |
   1 |           86491.41    |
     |                       |
   1 |           86498.55    |
   2 |           86498.64    |
     |                       |
   2 |           86506.70    |
   1 |           86519.47    |
   0 |           86523.16    |
     |                       |
   1 |           86912.86    |
     |                       |
   1 |           86956.16    |
   2 |           86965.45    |
   3 |           87002.26    |
     |                       |
   0 |           87077.36    |
   1 |           87103.12    |
   2 |           87113.21    |
     |                       |
   2 |           87218.26    |
     |                       |
   0 |           87341.04    |
     |                       |
   2 |           87633.75    |
     |                       |
   2 |           87708.21    |
   3 |           87713.38    |
   4 |           87760.61    |
     |                       |
   0 |           87711.37    |
   1 |           87718.56    |
   2 |           87753.73    |
     |                       |
   1 |           87735.30    |
   2 |           87773.09    |
   3 |           87777.17    |
     |                       |
   4 |           87763.10    |
   3 |           87763.24    |
     |                       |
   1 |           87789.63    |
     |                       |
   3 |           87806.93    |
     |                       |
   3 |           87826.94    |
   2 |           87827.02    |
     |                       |
   1 |           87830.17    |
     |                       |
   2 |           87832.54    |
   1 |           87843.91    |
   0 |          [87846.9]    |
     |                       |
   2 |           87837.74    |
   1 |           87837.74    |
     |                       |
   1 |           88061.28    |
     |                       |
   1 |           88092.01    |
   2 |           88096.03    |
   3 |           88135.81    |
     |                       |
   0 |           88159.87    |
   1 |           88192.30    |
   2 |           88198.22    |
     |                       |
   2 |           88260.37    |
     |                       |
   0 |           88333.98    |
     |                       |
   2 |           88498.62    |
     |                       |
   2 |          [88541.4]    |
   3 |          [88544.9]    |
   4 |          [88596.5]    |
     |                       |
   0 |           88543.76    |
   1 |           88549.06    |
   2 |           88584.26    |
     |                       |
   1 |          [88558.6]    |
   2 |           88604.75    |
   3 |          [88606.8]    |
     |                       |
   2 |           88574.85    |
     |                       |
   1 |           88615.01    |
     |                       |
   3 |           88625.00    |
     |                       |
   3 |           88633.98    |
   4 |           88634.07    |
     |                       |
   2 |          [88636.8]    |
   1 |          [88646.6]    |
   0 |          [88649.1]    |
     |                       |
   3 |           88638.30    |
     |                       |
   1 |           88639.02    |
     |                       |
   2 |           88645.33    |
     |                       |
   1 |           88766.98    |
     |                       |
   1 |           88790.85    |
   2 |          [88794.3]    |
   3 |           88836.12    |
     |                       |
   2 |           88873.95    |
     |                       |
   2 |           88913.56    |
     |                       |
   0 |           88960.64    |
     |                       |
   2 |           89054.16    |
     |                       |
   2 |          [89079.9]    |
   3 |          [89082.1]    |
   4 |          [89136.9]    |
     |                       |
   0 |           89081.62    |
   1 |           89085.41    |
     |                       |
   1 |          [89091.8]    |
   2 |           89142.66    |
   3 |          [89143.4]    |
     |                       |
   2 |           89101.76    |
   3 |           89101.79    |
     |                       |
   1 |           89149.35    |
     |                       |
   3 |           89155.70    |
     |                       |
   4 |           89162.10    |
     |                       |
   2 |          [89162.2]    |
   1 |          [89170.0]    |
   0 |          [89171.5]    |
     |                       |
   1 |           89164.74    |
     |                       |
   1 |           89232.41    |
     |                       |
   3 |           89299.10    |
     |                       |
   2 |           89350.10    |
     |                       |
   0 |           89381.61    |
     |                       |
   2 |           89431.48    |
     |                       |
   2 |          [89447.4]    |
   3 |          [89449.6]    |
     |                       |
   1 |           89451.82    |
     |                       |
   1 |           89456.20    |
   2 |          [89510.43]   |
   3 |          [89510.9]    |
     |                       |
   1 |           89514.90    |
     |                       |
   3 |           89519.13    |
     |                       |
   2 |          [89522.4]    |
     |                       |
   1 |           89525.54    |
     |                       |
   1 |           89555.53    |
     |                       |
   1 |                       |
   2 |                       |
   3 |           89621.06    |
     |                       |
   0 |           89678.11    |
     |                       |
   4 |                       |
   2 |                       |
   3 |           89711.40    |
     |                       |
   1 |           89716.00    |
   2 |           89772.87    |
   3 |          [89773.2]    |
     |                       |
   3 |           89779.40    |
     |                       |
   1 |           89783.30    |
     |                       |
   1 |           89789.21    |
     |                       |
   3 |           89904.80    |
     |                       |
   1 |           89906.30    |
   2 |           89966.66    |
   3 |          [89966.8]    |
     |                       |
   3 |          [89971.3]    |
     |                       |
   1 |           89974.9     |
     |                       |
   3 |           90051.6     |
     |                       |
   1 |           90054.3     |
     |                       |
   1 |           90116.4     |
     |                       |
   3 |           90117.4     |
     |                       |
   1 |           90119.8     |
     |                       |
   3 |           90165.6     |
     |                       |
   1 |           90168.8     |
     |                       |
   1 |           90229.7     |
     |                       |
   3 |           90230.7     |
     |                       |
   1 |           90231.5     |
     |                       |
   3 |           90256.4     |
     |                       |
   1 |           90260.2     |
     |                       |
   3 |           90320.3     |
     |                       |
   1 |           90322.3     |
     |                       |
   3 |           90329.4     |
     |                       |
   3 |           90394.0     |
     |                       |
   3 |           90394.0     |
     |                       |
   1 |           90395.5     |
     |                       |
   3 |           90437.8     |
     |                       |
   3 |           90453.1     |
     |                       |
   1 |           90454.2     |
     |                       |
   3 |           90479.2     |
     |                       |
   3 |           90502.1     |
     |                       |
   1 |           90502.5     |
     |                       |
   3 |           90514.2     |
     |                       |
   3 |           90543.9     |
     |                       |
   3 |           90543.9     |
     |                       |
   1 |           90544.7     |
     |                       |
   3 |           90570.3     |
     |                       |
   3 |           90578.6     |
     |                       |
   1 |           90578.8     |
     |                       |
   3 |           90592.4     |
     |                       |
   3 |           90609.6     |
     |                       |
   1 |           90610.2     |
     |                       |
   3 |           90634.2     |
     |                       |
   3 |           90656.0     |
     |                       |
   3 |           90676.0     |
     |                       |
   3 |           90690.0     |
     |                       |
   3 |           90708.0     |
     |                       |
   3 |           90721.0     |
     |                       |
   3 |           90732.7     |
     |                       |
   3 |           90742.2     |
     |                       |
   3 |           90753.8     |
