   0 |              0.000    |
   1 |            113.178    |
   2 |            306.174    |
     |                       |
   2 |          20273.27     |
     |                       |
   0 |          43185.74     |
     |                       |
   2 |          60324.79     |
     |                       |
   3 |         120025.2      |
   2 |         120053.4      |
   1 |         120058.2      |
     |                       |
   2 |         142381.0      |
   1 |         142381.8      |
   0 |         142393.5      |
     |                       |
   2 |         187054.0      |
     |                       |
   1 |         197087.7      |
     |                       |
   1 |         210461.8      |
     |                       |
   0 |         267258.71     |
   1 |         267377.11     |
   2 |         267634.00     |
     |                       |
   1 |         273081.33     |
     |                       |
   2 |         283759.70     |
   1 |         283977.40     |
   0 |         284071.90     |
     |                       |
   1 |         290958.25     |
     |                       |
   1 |         293866.49     |
   2 |         294002.86     |
   3 |         294223.07     |
     |                       |
   1 |         297558.66     |
     |                       |
   2 |         298294.0      |
     |                       |
   0 |         300229.93     |
   1 |         300311.96     |
   2 |         300442.55     |
     |                       |
   2 |         306586.08     |
     |                       |
   0 |         313802.77     |
     |                       |
   2 |         324464.88     |
   3 |         324660.80     |
   4 |         324839.03     |
     |                       |
   2 |         324735.65     |
     |                       |
   1 |         327229.25     |
   2 |         327278.30     |
   3 |         327352.17     |
     |                       |
   2 |         329469.80     |
   1 |         329583.89     |
   0 |         329645.14     |
     |                       |
   3 |         331821.44     |
     |                       |
   1 |         332778.94     |
     |                       |
   1 |         338577.25     |
   2 |         338701.98     |
   3 |         338863.03     |
     |                       |
   0 |         343306.3      |
     |                       |
   0 |         350024.49     |
   1 |         350124.45     |
   2 |         350298.38     |
     |                       |
   0 |         356736.30     |
   1 |         356844.98     |
   2 |         357117.01     |
     |                       |
   1 |         358668.90     |
     |                       |
   1 |         363263.38     |
     |                       |
   0 |         365527.08     |
   1 |         365561.95     |
   2 |         365630.40     |
   3 |         365730.68     |
   4 |         365857.89     |
     |                       |
   1 |         365726.76     |
     |                       |
   1 |         366488.45     |
   2 |         366595.76     |
   3 |         366802.62     |
     |                       |
   1 |         367953.90     |
     |                       |
   1 |         368538.65     |
   2 |         368595.93     |
   3 |         368697.00     |
     |                       |
   0 |         370329.18     |
   1 |         370418.32     |
   2 |         370526.49     |
     |                       |
   2 |         370902.22     |
     |                       |
   1 |         374571.64     |
   2 |         374663.52     |
   3 |         374795.14     |
     |                       |
   2 |         376079.92     |
     |                       |
   2 |         377385.58     |
   3 |         377562.31     |
   4 |         377748.57     |
     |                       |
   2 |         377686.83     |
     |                       |
   2 |         378405.68     |
   1 |         378417.84     |
   0 |         378435.16     |
     |                       |
   1 |         379227.15     |
   2 |         379293.03     |
   3 |         379356.75     |
     |                       |
   3 |         380612.20     |
   2 |         380621.90     |
     |                       |
   3 |         380671.30     |
   4 |         380685.90     |
     |                       |
   2 |         380706.51     |
   1 |         380717.92     |
   0 |         380737.00     |
     |                       |
   3 |         380782.17     |
     |                       |
   1 |         381089.27     |
     |                       |
   3 |         381176.90     |
   4 |         381211.30     |
     |                       |
   5 |         381404.50     |
   4 |         381472.50     |
     |                       |
   3 |         381456.80     |
   2 |         381477.80     |
     |                       |
   1 |         381623.80     |
   2 |         381645.00     |
     |                       |
   0 |         391830.76     |
   1 |         391917.80     |
   2 |         392209.53     |
     |                       |
   1 |         392781.47     |
     |                       |
   1 |         394079.4      |
   2 |         394127.3      |
   3 |         394197.9      |
     |                       |
   1 |         394528.20     |
   2 |         394567.05     |
   3 |         394624.68     |
   4 |         394700.27     |
   5 |         394793.28     |
     |                       |
   2 |         398139.92     |
   1 |         398144.29     |
   0 |         398145.63     |
   3 |         398150.40     |
   4 |         398231.48     |
     |                       |
   3 |         398487.08     |
   2 |         398557.17     |
   1 |         398595.65     |
     |                       |
   2 |         400351.56     |
   1 |         400460.99     |
   0 |         400514.89     |
     |                       |
   2 |         401375.09     |
   3 |         401476.29     |
   4 |         401605.52     |
     |                       |
   2 |         401519.8      |
   3 |         401725.6      |
   4 |         401893.2      |
     |                       |
   2 |         401791.7      |
     |                       |
   1 |                       |
   2 |         402411.5      |
   3 |         402533.3      |
     |                       |
   3 |         403380.0      |
     |                       |
   1 |         403533.7      |
     |                       |
   1 |         405801.50     |
   2 |         405830.38     |
   3 |         405879.97     |
     |                       |
   2 |         414676        |
     |                       |
   2 |         415180        |
   1 |         415180        |
   3 |         415180        |
     |                       |
   3 |         422979        |
     |                       |
   3 |         425000        |
     |                       |
   2 |         426340        |
     |                       |
   1 |         428500.87     |
   2 |         428627.20     |
   3 |         428791.89     |
     |                       |
   1 |         430027        |
     |                       |
   1 |         437012.5      |
     |                       |
   0 |                       |
   1 |         438252.9      |
   2 |         438314.4      |
   3 |         438409.1      |
   4 |         438530.8      |
     |                       |
   1 |         439290.6      |
   2 |         439342.3      |
   3 |         439440.8      |
     |                       |
   2 |                       |
   1 |                       |
   3 |         442718        |
