   0 |               0.000    |
   1 |              77.115    |
   2 |             223.157    |
     |                        |
   2 |            6298.850    |
     |                        |
   0 |           15394.370    |
     |                        |
   2 |           33326.053    |
     |                        |
   0 |           39683.163    |
   1 |           39760.285    |
   2 |           39955.053    |
     |                        |
   1 |           40991.884    |
     |                        |
   1 |           45276.188    |
   2 |           45293.629    |
   3 |           45321.848    |
     |                        |
   1 |           47284.061    |
     |                        |
   2 |           47351.554    |
     |                        |
   1 |           48020.074    |
   2 |           48102.323    |
   3 |           48264.292    |
     |                        |
   0 |           49028.294    |
   1 |           49060.601    |
   2 |           49188.617    |
     |                        |
   1 |           49399.670    |
     |                        |
   2 |           49850.830    |
   3 |           49933.775    |
   4 |           50054.80     |
     |                        |
   2 |           50189.389    |
     |                        |
   2 |           50499.838    |
   1 |           50566.397    |
   0 |           50602.44     |
     |                        |
   0 |           51612.012    |
     |                        |
   3 |           53362.24     |
     |                        |
   1 |           53387.334    |
     |                        |
   1 |           54185.264    |
   2 |           54205.090    |
   3 |           54257.582    |
     |                        |
   0 |           54245.020    |
   1 |           54313.818    |
   2 |           54528.220    |
     |                        |
   1 |           54871.031    |
     |                        |
   2 |           56503.346    |
     |                        |
   2 |           56690.903    |
   1 |           56700.25     |
   0 |           56733.38     |
     |                        |
   1 |           56780.427    |
     |                        |
   1 |           56978.256    |
   2 |           57017.496    |
   3 |           57198.027    |
     |                        |
   0 |           57295.881    |
   1 |           57328.789    |
   2 |           57468.239    |
     |                        |
   2 |           57372.297    |
   3 |           57450.580    |
   4 |           57583.657    |
     |                        |
   1 |           57541.918    |
     |                        |
   2 |           57798.072    |
     |                        |
   0 |           58311.659    |
     |                        |
   3 |           58774.368    |
   2 |           58775.451    |
     |                        |
   3 |           58786.860    |
   4 |           58788.880    |
     |                        |
   1 |           58801.529    |
     |                        |
   3 |           58893.40     |
     |                        |
   2 |           59032.19     |
   1 |           59056.508    |
   3 |           59118.03     |
     |                        |
   3 |           59034.988    |
   4 |           59037.043    |
     |                        |
   3 |           59109.959    |
   2 |           59110.892    |
     |                        |
   5 |           59128.40     |
   4 |           59131.912    |
     |                        |
   1 |           59190.46     |
   2 |           59191.072    |
     |                        |
   0 |           59221.11     |
   1 |           59273.575    |
     |                        |
   2 |           59506.359    |
   1 |           59636.667    |
     |                        |
   2 |           59917.336    |
   1 |           60010.458    |
   0 |           60042.50     |
     |                        |
   2 |           60300.860    |
     |                        |
   1 |           60381.278    |
   0 |           60621.64     |
     |                        |
   1 |           60487.103    |
   2 |           60496.358    |
     |                        |
   2 |           60645.441    |
   3 |           60705.464    |
   4 |           60848.946    |
     |                        |
   3 |           60704.53     |
   1 |           60706.558    |
   2 |           60962.105    |
   0 |           61198.036    |
     |                        |
   2 |           60815.925    |
   1 |           60856.630    |
     |                        |
   3 |           61303.381    |
   2 |           61304.283    |
     |                        |
   3 |           61305.050    |
   4 |           61306.713    |
     |                        |
   1 |           61305.67     |
     |                        |
   3 |           61423.23     |
     |                        |
   2 |           61447.86     |
   1 |           61511.77     |
   3 |           61574.814    |
     |                        |
   0 |           61538.05     |
   1 |           61595.43     |
     |                        |
   3 |           61562.477    |
   4 |           61563.952    |
     |                        |
   3 |           61597.404    |
   2 |           61598.145    |
     |                        |
   5 |           61614.37     |
   4 |           61617.17     |
     |                        |
   1 |           61647.36     |
   2 |           61647.875    |
     |                        |
   2 |           61823.550    |
   1 |           61881.60     |
     |                        |
   2 |           61841.94     |
   1 |           61936.13     |
   0 |           61960.26     |
     |                        |
   1 |           62141.8      |
   0 |           62318.7      |
     |                        |
   2 |           62156.816    |
     |                        |
   1 |           62226.39     |
   2 |           62231.99     |
     |                        |
   2 |           62349.93     |
   3 |           62376.820    |
   4 |           62534.08     |
     |                        |
   3 |           62421.03     |
   1 |           62450.4      |
   2 |           62596.32     |
   0 |           62718.99     |
     |                        |
   2 |           62519.66     |
   1 |           62545.10     |
     |                        |
   1 |           62666.25     |
     |                        |
   3 |           62667.823    |
   4 |           62669.179    |
     |                        |
   3 |           62669.164    |
   2 |           62669.727    |
     |                        |
   2 |           62774.99     |
   1 |           62925.80     |
   3 |           62936.14     |
     |                        |
   3 |           62802.86     |
     |                        |
   0 |           62806.65     |
   1 |           62813.26     |
     |                        |
   3 |           62935.76     |
   4 |           62936.81     |
     |                        |
   3 |           62954.46     |
   2 |           62955.00     |
     |                        |
   5 |           62966.61     |
   4 |           62968.49     |
     |                        |
   1 |           62985.96     |
   2 |           62986.32     |
     |                        |
   2 |           63020.42     |
   1 |           63097.36     |
   0 |           63123.36     |
     |                        |
   2 |           63093.41     |
   1 |           63130.49     |
     |                        |
   2 |           63204.89     |
   3 |           63340.70     |
   4 |           63514.533    |
     |                        |
   2 |           63225.5      |
     |                        |
   2 |           63356.24     |
     |                        |
   1 |           63486.93     |
     |                        |
   3 |           63488.01?    |
   4 |           63488.91     |
     |                        |
   2 |           63489.44?    |
   3 |           63490.66?    |
     |                        |
   2 |           63575.35     |
   1 |           63750.39     |
   3 |           63760.24     |
     |                        |
   0 |           63576.85     |
   1 |           63584.22     |
     |                        |
   0 |           63618.6      |
     |                        |
   3 |           63641.77     |
     |                        |
   3 |           63762.20     |
   4 |           63762.93     |
     |                        |
   2 |           63770.28     |
     |                        |
   3 |           63773.29     |
   2 |           63773.58     |
     |                        |
   5 |           63781.97     |
   4 |           63783.31     |
     |                        |
   1 |           63793.52     |
   2 |           63794.31     |
     |                        |
   1 |           63844.65     |
   0 |           63863.80?    |
     |                        |
   2 |           63860.44     |
   3 |           63945.10     |
   4 |           64133.93     |
     |                        |
   2 |           63863.84     |
   1 |           63884.61     |
     |                        |
   2 |           63990.67     |
     |                        |
   1 |           64020.42     |
     |                        |
   0 |           64079.74     |
   1 |           64085.87     |
     |                        |
   2 |           64104.88     |
     |                        |
   3 |           64187.80     |
     |                        |
   2 |           64243.30     |
   3 |           64351.93     |
   4 |           64550.37?    |
     |                        |
   1 |           64287.43     |
   3 |           64295.26     |
     |                        |
   2 |           64322.71     |
     |                        |
   1 |           64337.81     |
   0 |           64358.52     |
     |                        |
   2 |           64366.68     |
   1 |           64376.18     |
     |                        |
   1 |           64393.66     |
     |                        |
   2 |           64398.19     |
     |                        |
   0 |           64425.97     |
   1 |           64432.03     |
     |                        |
   2 |           64488.72     |
     |                        |
   2 |           64553.46     |
     |                        |
   1 |           64635.82     |
     |                        |
   2 |           64646.73     |
     |                        |
   3 |           64647.46     |
     |                        |
   1 |           64654.97     |
   3 |           64662.04     |
     |                        |
   0 |           64674.61     |
   1 |           64678.93     |
     |                        |
   2 |           64687.77     |
     |                        |
   1 |           64699.46     |
   0 |           64703.23     |
     |                        |
   2 |           64713.05     |
   1 |           64723.88     |
     |                        |
   2 |           64758.61     |
     |                        |
   3 |           64795.43     |
     |                        |
   2 |           64795.56     |
     |                        |
   1 |           64832.70     |
     |                        |
   2 |           64855.48     |
     |                        |
   0 |           64859.23     |
   1 |           64861.02     |
     |                        |
   3 |           64881.45     |
     |                        |
   2 |           64916.64     |
     |                        |
   1 |           64920.15     |
   3 |           64923.97     |
     |                        |
   2 |           64943.94     |
     |                        |
   1 |           64946.12     |
   0 |           64952.58     |
     |                        |
   2 |           64961.67     |
   1 |           64967.34     |
     |                        |
   3 |           64965.03     |
     |                        |
   2 |           64982.37     |
     |                        |
   1 |           64982.42     |
     |                        |
   0 |           65000.11     |
   1 |           65002.16     |
     |                        |
   2 |           65025.30     |
     |                        |
   2 |           65055.82     |
     |                        |
   1 |           65092.05     |
     |                        |
   2 |           65099.38     |
     |                        |
   3 |           65102.52     |
     |                        |
   1 |           65108.74     |
   0 |           65109.47     |
     |                        |
   1 |           65116.72     |
   3 |           65117.65     |
     |                        |
   2 |           65125.26     |
     |                        |
   1 |           65135.28     |
   0 |           65138.22     |
     |                        |
   2 |           65146.14     |
   1 |           65151.67     |
     |                        |
   2 |           65152.74     |
     |                        |
   3 |           65170.67     |
     |                        |
   2 |           65177.70     |
     |                        |
   1 |           65184.24     |
     |                        |
   0 |           65196.82     |
   1 |           65197.98     |
     |                        |
   2 |           65203.73     |
     |                        |
   3 |           65226.60     |
     |                        |
   2 |           65231.21     |
     |                        |
   1 |           65255.31     |
     |                        |
   2 |           65258.33     |
     |                        |
   3 |           65258.83     |
     |                        |
   1 |           65261.50     |
   3 |           65264.91     |
     |                        |
   0 |           65267.35     |
   1 |           65268.80     |
     |                        |
   2 |           65272.41     |
     |                        |
   1 |           65278.23     |
   0 |           65280.10     |
     |                        |
   2 |           65287.04     |
   1 |           65291.26     |
     |                        |
   2 |           65295.03     |
     |                        |
   3 |           65307.30     |
     |                        |
   2 |           65311.78     |
     |                        |
   1 |           65316.57     |
     |                        |
   0 |           65324.68     |
   1 |           65325.82     |
     |                        |
   2 |           65330.38     |
     |                        |
   2 |           65349.50     |
     |                        |
   3 |           65349.72     |
     |                        |
   1 |           65365.05     |
     |                        |
   2 |           65368.23     |
     |                        |
   3 |           65369.94     |
     |                        |
   1 |           65372.80     |
   0 |           65372.98     |
     |                        |
   1 |           65378.02     |
   3 |           65379.19     |
     |                        |
   2 |           65382.18     |
     |                        |
   1 |           65388.96     |
   0 |           65390.89     |
     |                        |
   2 |           65393.91     |
     |                        |
   2 |           65396.73     |
   1 |           65399.60     |
     |                        |
   3 |           65402.24     |
     |                        |
   2 |           65407.15     |
     |                        |
   1 |           65407.72     |
     |                        |
   0 |           65413.38     |
   1 |           65414.0      |
     |                        |
   2 |           65423.14     |
     |                        |
   3 |           65433.14     |
     |                        |
   2 |           65433.17     |
     |                        |
   1 |           65441.93     |
     |                        |
   2 |           65446.05     |
     |                        |
   0 |           65447.45     |
   1 |           65447.6      |
     |                        |
   3 |           65453.23     |
     |                        |
   2 |           65460.22     |
     |                        |
   1 |           65468.0      |
   3 |           65471.53     |
     |                        |
   3 |           65469.78     |
     |                        |
   2 |           65470.7      |
     |                        |
   1 |           65472.0      |
     |                        |
   2 |           65478.35     |
     |                        |
   1 |           65478.35     |
   0 |           65479.14     |
     |                        |
   2 |           65483.96     |
   1 |           65486.67     |
     |                        |
   2 |           65488.40     |
     |                        |
   3 |           65494.05     |
     |                        |
   2 |           65496.59     |
     |                        |
   1 |           65497.91     |
     |                        |
   2 |           65506.81     |
     |                        |
   3 |           65514.3      |
     |                        |
   2 |           65514.3      |
     |                        |
   1 |           65519.93     |
     |                        |
   2 |           65522.63     |
     |                        |
   3 |           65528.19     |
     |                        |
   2 |           65532.0      |
     |                        |
   1 |           65539.72     |
     |                        |
   2 |           65539.81     |
     |                        |
   3 |           65539.99     |
     |                        |
   1 |           65541.20     |
   3 |           65543.02     |
     |                        |
   2 |           65545.28     |
     |                        |
   1 |           65549.05     |
   0 |           65550.33     |
     |                        |
   2 |           65551.13     |
     |                        |
   2 |           65554.50     |
   1 |           65557.35     |
     |                        |
   3 |           65554.77     |
     |                        |
   1 |           65555.69     |
     |                        |
   2 |           65557.07     |
     |                        |
   2 |           65565.03     |
     |                        |
   3 |           65568.83     |
     |                        |
   2 |           65569.53     |
     |                        |
   1 |           65571.35     |
     |                        |
   2 |           65575.9      |
     |                        |
   2 |          [65580.7]     |
     |                        |
   3 |          [65580.9]     |
     |                        |
   1 |           65584.8      |
     |                        |
   2 |           65586.30     |
     |                        |
   3 |           65590.06     |
     |                        |
   2 |           65592.12     |
     |                        |
   1 |           65596.21     |
     |                        |
   2 |           65597.05     |
     |                        |
   3 |           65597.73     |
     |                        |
   2 |           65601.9      |
     |                        |
   1 |           65601.9      |
   3 |           65602.64     |
     |                        |
   2 |           65605.56     |
     |                        |
   3 |           65606.56     |
     |                        |
   1 |           65608.44     |
     |                        |
   1 |           65608.44     |
   0 |           65608.63     |
     |                        |
   2 |          [65609.1]     |
     |                        |
   2 |           65612.24     |
   1 |           65613.95     |
     |                        |
   2 |          [65613.3]     |
     |                        |
   3 |           65615.61     |
     |                        |
   1 |           65616.3      |
     |                        |
   2 |           65616.84     |
     |                        |
   2 |           65621.6      |
     |                        |
   3 |           65623.93     |
     |                        |
   2 |           65624.28     |
     |                        |
   1 |           65625.2      |
     |                        |
   2 |           65628.3      |
     |                        |
   2 |           65630.9      |
     |                        |
   3 |           65630.9      |
     |                        |
   1 |           65633.15     |
     |                        |
   2 |           65634.5      |
     |                        |
   2 |           65637.1      |
     |                        |
   3 |          [65637.9]     |
     |                        |
   1 |           65640.16     |
     |                        |
   2 |           65640.7      |
     |                        |
   3 |           65642.79     |
     |                        |
   2 |           65644.03     |
     |                        |
   1 |           65646.6      |
     |                        |
   2 |           65646.99     |
     |                        |
   3 |           65647.43     |
     |                        |
   2 |           65649.95     |
     |                        |
   1 |           65651.30     |
   3 |           65652.39     |
     |                        |
   2 |           65652.19     |
     |                        |
   3 |           65652.39     |
     |                        |
   1 |           65652.4      |
     |                        |
   2 |           65654.15     |
     |                        |
   1 |           65656.3      |
   0 |           65657.24     |
     |                        |
   2 |           65656.33     |
     |                        |
   3 |           65657.50     |
     |                        |
   1 |           65658.0      |
     |                        |
   2 |          [65658.6]     |
     |                        |
   2 |           65660.26     |
   1 |           65662.00     |
     |                        |
   2 |           65660.9      |
     |                        |
   3 |           65662.00     |
     |                        |
   1 |          [65662.7]     |
     |                        |
   2 |           65662.80     |
     |                        |
   2 |          [65665.4]     |
     |                        |
   3 |           65666.8      |
     |                        |
   2 |           65667.2      |
     |                        |
   1 |           65667.26     |
     |                        |
   2 |           65669.8      |
     |                        |
   3 |           65670.71     |
     |                        |
   2 |           65670.91     |
     |                        |
   1 |           65671.4      |
     |                        |
   2 |           65672.98     |
     |                        |
   3 |          [65674.4]     |
     |                        |
   1 |           65675.30     |
     |                        |
   3 |           65678.0      |
     |                        |
   1 |           65678.99     |
     |                        |
   3 |          [65681.1]     |
     |                        |
   1 |           65682.2      |
     |                        |
   3 |          [65683.7]     |
     |                        |
   1 |          [65685.2]     |
     |                        |
   3 |           65686.5      |
     |                        |
   1 |           65688.15     |
     |                        |
   3 |           65688.72     |
     |                        |
   1 |           65690.9      |
     |                        |
   3 |           65691.07     |
     |                        |
   1 |           65693.00     |
   3 |           65693.90     |
     |                        |
   3 |          [65693.2]     |
     |                        |
   2 |           65695.2      |
     |                        |
   3 |           65695.74     |
     |                        |
   1 |           65697.47     |
   0 |           65697.58     |
     |                        |
   1 |           65701.56     |
     |                        |
   1 |           65728.30     |
   3 |           65728.86     |
     |                        |
   2 |           65730.40     |
     |                        |
   1 |           65732.27     |
   0 |           65732.30     |
     |                        |
   1 |           65736.06     |
